257520024329236, 69140711609471, 263886787577054 @ 21, 351, 72
227164924449606, 333280170830371, 330954002548352 @ 70, -28, -35
269125649340143, 131766988959682, 261281801543906 @ 35, -337, -281
220308068691946, 434660701646971, 160719186877066 @ 76, -149, 208
255647674798651, 348515966374702, 193326101738764 @ 21, 73, 145
425777063250656, 398815171620631, 423901841874772 @ -319, -319, -289
188415254345592, 292913991854159, 346612358767416 @ 164, -60, -107
300514501328886, 270309297308981, 326340712226252 @ -46, 12, -54
289039137171838, 468769919737628, 381716316128222 @ -18, -173, -89
281089998594418, 335433658881985, 343173481921168 @ -7, 15, -33
177436721430566, 295404741895041, 368333466431252 @ 110, 99, -44
390583517924614, 305563157479015, 455916814052890 @ -122, 97, -132
316390218564578, 94210142972305, 113609203918400 @ -43, 323, 235
217494185851307, 317231908134724, 209087996553667 @ 89, -25, 146
398859584212576, 374365789797151, 272084558613922 @ -212, -156, 43
284738314046726, 308838943112765, 298969128743400 @ -14, 12, 13
258500719548744, 119196481669942, 231355675952968 @ 184, -73, 197
276070022244263, 119143180340299, 246997268866856 @ -31, 128, 37
287612959884088, 163732460667415, 224494638235387 @ -136, -288, 216
138744850943906, 246978450581189, 262201404313448 @ 181, 120, 69
214925199043846, 362854956964477, 170180041615288 @ 86, -62, 198
524375133288654, 551676836247773, 453456562046416 @ -287, -206, -148
243404783957458, 138088198721926, 240293943201394 @ 274, -129, 79
432639860874625, 475961227591519, 182086551911797 @ -153, -52, 156
298997468032671, 332994524020531, 306406567370602 @ -31, 8, 11
248796935768422, 164250560458909, 274859873413192 @ 33, 237, 56
215666495234376, 294963434751463, 388719648776211 @ 76, 68, -90
266116411115626, 374672557744101, 517705416256347 @ 18, -386, -602
53314403481341, 240185595220618, 107492161632073 @ 221, 179, 230
433246080325834, 242548091401837, 364654794010360 @ -153, 178, -23
261708563977444, 410743273979455, 353318916752986 @ 15, 13, -12
231661835992448, 392732082129575, 396620647404212 @ 53, -35, -89
252399647265481, 64551413022322, 189715549086796 @ 231, 653, 689
248596888518654, 214895389050109, 339215263757088 @ 32, 182, -17
289501795347174, 172849915843281, 261966795196168 @ -50, 81, 29
246580000555160, 226773420464369, 247236148126364 @ 43, 120, 87
262865107008690, 231291312503157, 389369053126168 @ 20, 82, -163
224402368673112, 335266556685665, 284525560388246 @ 59, 48, 48
259028656858350, 313306108079245, 388052014550672 @ 23, 8, -114
343563015903846, 279465197359087, 225319940120420 @ -154, -88, 129
243487299857086, 327698807944029, 329989814664768 @ 51, -62, -50
254092291315150, 229307724010014, 217040217320482 @ 30, 129, 131
250962442693274, 113870594257751, 267929392995850 @ 188, 121, -172
193552378635286, 320860133672197, 131483264369480 @ 96, 59, 225
336320370136175, 435967817075997, 296841952951833 @ -73, -90, 30
297247644478025, 324140885794379, 314538386160773 @ -35, -36, -18
261620994273099, 377928882770001, 299551864233153 @ 17, -14, 28
251723504786366, 276931201154751, 313677887521467 @ 62, -216, -120
219547969365044, 309418729749099, 41926971899166 @ 67, 67, 334
298463183030206, 420767726669921, 241714063390072 @ -84, -749, 89
328152267891238, 290973866532381, 189017920464864 @ -126, -134, 214
235654135839526, 342481786754041, 281348737413542 @ 54, -16, 42
151542147481500, 250311176603675, 76954336530912 @ 169, 109, 321
302030981863750, 461220551215381, 304211715681808 @ -26, -54, 33
285467835069001, 215958606887944, 288850948902946 @ -29, 27, -21
356652661313106, 198259884514949, 306157526516196 @ -169, 108, -38
322027461989845, 340373823259042, 272945705978890 @ -161, -487, -13
330083518690557, 217086106069641, 388170305988278 @ -173, -54, -353
274770090540966, 194725026991681, 323394034140072 @ -10, -100, -251
300840503687206, 222456764830921, 368134061726227 @ -26, 186, -38
163740425872818, 27054570370070, 110497390298223 @ 274, 487, 420
248324142635734, 174166846456685, 213322406150616 @ 48, 172, 147
275064285526458, 150430030914047, 254733791423160 @ -16, 15, 13
191428283313343, 237008045073970, 255438105076522 @ 143, 75, 71
232773431948008, 405327687452581, 376304583703682 @ 57, -94, -84
239381202417290, 377786123364787, 373341255924356 @ 40, 17, -45
273973064431901, 151118813420806, 280356225925947 @ -5, 113, -50
261269375126440, 156865471816663, 214414124162584 @ 107, -361, 349
242730954353485, 175902335761384, 446961523658482 @ 37, 233, -129
313212438103774, 233688151713205, 182967845730184 @ -77, 47, 209
286038044385622, 431302934026480, 321350509515040 @ -10, -33, 13
279731765289830, 282069476141251, 306006776171674 @ -10, -19, -22
327457003963726, 326490694948533, 381340101417016 @ -84, -48, -127
261007151698463, 230308053861820, 266646659100387 @ 25, 59, 46
296277119862156, 381850154144145, 476674193898042 @ -44, -246, -369
316070147101994, 43164092698152, 94283473988772 @ -38, 373, 241
370523048805954, 519355442919237, 259270891262436 @ -116, -198, 75
256341031788436, 455155034984671, 421357897533214 @ 21, -49, -88
254617994156168, 116446099862593, 227489322503254 @ 205, 20, 230
292646139243686, 221959730744701, 340558547817192 @ -67, -112, -243
257434946624214, 495083710713181, 455845492804385 @ 22, -154, -158
216499937415046, 312941364640189, 147057503928808 @ 116, -122, 285
262560883032124, 484374847397713, 13634567474884 @ 23, -476, 559
265773177829978, 248085745690309, 272676355763080 @ 19, -72, 13
202051178577044, 169545181700679, 56271569939922 @ 95, 225, 336
293064317512360, 480122686618897, 69775676542054 @ -28, -270, 359
175030840990763, 144191081411041, 92929384414597 @ 115, 266, 266
251143580576981, 399472566775891, 478157245633944 @ 31, -64, -203
357913330510190, 197692993180188, 186158532508650 @ -98, 199, 163
314808296558798, 358340108820631, 373577832926148 @ -110, -379, -257
253137554186230, 362000092322269, 62959304005768 @ 64, -558, 673
292187970454544, 110870170306747, 546391539652150 @ -17, 305, -232
333809786044606, 307148534161021, 275789391170032 @ -64, 86, 59
236864010943558, 331025906220709, 290494800828976 @ 54, -12, 27
142907510933503, 289447484208054, 322086042973348 @ 207, 15, -31
237096816078931, 437083044501571, 72932581176877 @ 41, -32, 272
345060694904842, 223969752443152, 375390337845952 @ -102, 133, -99
247219682952196, 249228250952821, 301159201103512 @ 51, 26, -19
146909000208550, 87475983340381, 192235680546088 @ 320, 336, 217
258406044978185, 426577479340554, 321585854223631 @ 19, -23, 14
546759680707426, 454811052554017, 341726525866654 @ -284, -56, -8
253931690756986, 188215153396761, 188777078983932 @ 153, -513, 528
269607846094273, 172358741794837, 201560237250280 @ 15, -242, 357
252873978896386, 404006837834908, 455133811594213 @ 26, -21, -140
306824079898999, 453526810781212, 347681905165705 @ -33, -67, -18
258519904763366, 279453768994109, 283189454939408 @ 26, 22, 28
284128764038614, 122865887688715, 290164298716171 @ -10, 288, 38
238957705524646, 223356284043661, 498540058151752 @ 44, 169, -209
230317645914892, 334860091178905, 409022243969761 @ 48, 74, -76
276518065232281, 211484362356221, 266551906815492 @ -9, 6, 25
256474359357190, 179121135241085, 250651582630216 @ 30, 180, 80
318464679361946, 216581760262297, 330624820216586 @ -124, -16, -152
285993883828197, 286309951999821, 334018792217069 @ -25, -74, -96
212554047435046, 331203405675361, 159541157244772 @ 142, -233, 284
281481291872240, 68400439837521, 322305480677266 @ -17, 376, -82
295061889577639, 201580654459492, 311475155435266 @ -125, -271, -297
193696069539493, 262483848746293, 217017659911894 @ 219, -146, 159
124140624854344, 301348791150907, 242644163774710 @ 229, 7, 94
358654955560126, 270769686702901, 259406469539656 @ -109, 91, 73
280247025025944, 352745624486918, 352992264631676 @ -8, -65, -71
269594179813050, 272875089981261, 295713061153694 @ 8, 46, 12
294331022433350, 135771827027261, 271614987266088 @ -68, 186, -5
245459217800646, 349474671008221, 320314561238952 @ 40, -19, -9
279077631906406, 275913302553341, 330827933965352 @ -9, -12, -69
262774782528894, 451548563984016, 346582130103875 @ 14, -29, -6
286764059756174, 354563255628329, 307638197498704 @ -20, -105, -13
260258023390560, 353958788759803, 329638445922056 @ 19, 5, -11
242965071520527, 252306836786103, 295972010956295 @ 73, -60, -38
281073826546636, 185404239635395, 265242354566755 @ -64, -320, -86
238145744413556, 246502437606365, 334437515072328 @ 131, -266, -267
280483472864552, 201098235174355, 295596974607028 @ -31, -97, -121
221859606504631, 215635409567331, 358512983175382 @ 111, 60, -157
380706113066008, 351782555796337, 304945347647536 @ -145, -32, 9
275895660358372, 109095025330404, 244408187815636 @ -60, 93, 17
189313782642534, 401283454582309, 371586254412336 @ 130, -145, -102
256170150479389, 259944259108057, 308592661396999 @ 35, -6, -38
363993920484490, 144872830986647, 144934008576868 @ -102, 264, 209
259912764983308, 121256391156469, 279852695950594 @ 137, -30, -398
167225870087526, 245625204944075, 346237375855263 @ 166, 88, -66
251743163000641, 454307430659691, 377537921734897 @ 27, -72, -52
348991776765342, 399409673440629, 460553326759664 @ -100, -92, -201
183633486202216, 317322512652704, 181805532609194 @ 96, 93, 159
235850807324405, 84375074447435, 284480492591048 @ 175, 360, -123
257098435914275, 81467769453166, 259278551026696 @ 193, 461, -187
356282499350896, 380851238258611, 452651806972672 @ -107, -57, -183
291132244387838, 511148014784761, 439266852300576 @ -28, -379, -237
265857627675806, 123733904488081, 256557745157192 @ 56, 5, -83
281977969883677, 166620806684095, 220447390103095 @ -127, -576, 312
295436866101583, 246444014012328, 170589780350417 @ -105, -375, 406
223435029924358, 157484262657181, 251519271414952 @ 182, 81, 51
235547646989746, 169903147279385, 251449740102144 @ 201, -107, 27
82022698764860, 201215952106573, 169417972405582 @ 295, 158, 206
333611460262698, 283040587273825, 423036454643894 @ -212, -340, -542
349033656530035, 220698698603627, 286274340138002 @ -75, 192, 51
329460643117362, 390305671379670, 313834644742448 @ -62, -21, 13
293356676406166, 228469595765317, 299820329370292 @ -54, -40, -64
254349802005622, 352589493236221, 248484275602984 @ 25, 26, 89
272282404665232, 133510157556607, 292866914867176 @ -7, -67, -411
300018590222990, 173171691680389, 160048907152640 @ -25, 239, 184
310051252951074, 301556610011981, 325911129800568 @ -35, 106, 9
184942875250902, 165747780677297, 234867482840908 @ 250, 115, 110
254203358416722, 125973359668609, 243913341257652 @ 148, 32, 51
302227910093702, 237974048888317, 291035176445832 @ -62, 8, -14
208092841428385, 132315770663137, 344160435635434 @ 135, 242, -117
415024258727179, 277950787512139, 397244512782781 @ -147, 128, -68
251394657981431, 151367327630296, 215872553431802 @ 247, -415, 375
222258171656587, 283029528104874, 257968855199527 @ 189, -395, 26
255806743893285, 135514696983867, 245330799820716 @ 97, 60, 57
285657595375835, 196169512957836, 145312518570742 @ -37, 21, 371
299284133251720, 276330900240739, 313523834722738 @ -35, 59, -8
295650382196858, 289029284685836, 312794208130709 @ -46, -89, -56
394004465346012, 561184235546883, 231847573198726 @ -173, -357, 110
264591480264645, 157646694249438, 206714031872400 @ 43, -63, 285
232624248456049, 4456232128246, 168463114034812 @ 193, 751, 441
259422877084431, 262124556356546, 292098173473177 @ 41, -195, -64
237525829601851, 98097316244812, 322965303813892 @ 61, 315, -39
334177054670029, 416077489350526, 336666450340432 @ -71, -69, -19
224924462746416, 244321174680213, 307228288143518 @ 196, -306, -185
216889279699866, 450145201771951, 426269647466000 @ 76, -139, -143
152070098046106, 259752988004246, 226388638024052 @ 210, 37, 121
291773349844668, 477761668048868, 414594739686658 @ -16, -81, -85
210722928303316, 214227489451857, 299130651952588 @ 201, -72, -97
286352502542572, 133393386015643, 192755379516523 @ -36, 212, 224
267153377828600, 199114464075903, 284239075326008 @ 17, 9, -35
231917580926707, 406018292236282, 261340922094838 @ 103, -457, 43
281244456639170, 171796792071935, 230653939833358 @ -116, -621, 188
270054487893421, 132377065689286, 440293542515722 @ 7, 277, -141
259964809775270, 234138071617235, 238379093305475 @ 38, -92, 100
314418505290576, 377931266195131, 352380537055112 @ -61, -115, -75
325841024734986, 501327463002061, 545464947132532 @ -68, -226, -313
387307094796694, 230477877377065, 335860155755569 @ -138, 154, -20
296313695592616, 321213212371396, 252705042137827 @ -20, 91, 86
191222826724738, 265934037847189, 291781573779582 @ 132, 50, 16
117589582944086, 230638015109437, 49933604074328 @ 191, 158, 328
261704797104278, 303264075577348, 197851290667742 @ 22, -43, 171
317939429656722, 367792018267589, 268415879758608 @ -121, -420, 19
267037309903546, 195750354662461, 261748110314152 @ 19, -26, 21
267820758996778, 366144408181927, 300962360629126 @ 10, -32, 19
250996761695374, 195036380212046, 261246749741556 @ 30, 201, 73
100404741968938, 314819242397317, 172390952212258 @ 180, 98, 168
253844966114641, 162130818435661, 234249830927182 @ 87, -10, 119
287965734111631, 342092450405692, 266724476426098 @ -19, -41, 59
278287816706516, 124085359603801, 228895404628967 @ -100, -142, 232
256286821324454, 216894757033629, 283338123375848 @ 55, -95, -51
488002360011426, 528153778762922, 387511006294125 @ -254, -197, -78
267053940851244, 173957047668917, 232335042562122 @ 43, -470, 156
270890255948806, 76384688043031, 16543277199172 @ 6, 348, 425
264322616492155, 131840673785581, 208230694040059 @ 19, 246, 160
357318776370511, 296458323577561, 519023901842857 @ -225, -222, -650
343722530646527, 241818348857728, 136829187493641 @ -71, 167, 208
238899850182998, 257252248618589, 266763751759400 @ 55, 72, 57
410472170186554, 300797302332043, 347830764189805 @ -158, 80, -28
259075057458591, 298537910392131, 122665734913982 @ 23, 28, 267
401947050870196, 421734995551051, 484732816493992 @ -215, -231, -315
295436356959682, 188639909979022, 258708073963816 @ -70, 25, 37
301164576258637, 394943898697060, 332741957158690 @ -33, -65, -21
230611624290492, 340792774745365, 73587973157270 @ 163, -646, 742
294130899118290, 292545381480571, 240719285785954 @ -20, 101, 98
419986775512327, 223673886181482, 417458908519501 @ -171, 169, -112
210046656705894, 221284650255069, 421476584262824 @ 73, 183, -101
256536196115606, 377070221656101, 436123698810712 @ 26, -72, -175
294024076848118, 412084892885329, 201409123355308 @ -30, -173, 158
287752386936064, 407837359501027, 381861731533282 @ -11, 7, -44
253669210007785, 353792130900388, 253232713648747 @ 23, 67, 86
329285404921043, 278743934821428, 390471763286833 @ -71, 79, -100
435565227003866, 384626208707601, 386646793332972 @ -199, -39, -84
301956582455098, 151950205030783, 220362004583110 @ -52, 213, 134
145508229355056, 220818682420171, 215970436432052 @ 131, 197, 123
283903107110011, 227047257522202, 89980344345064 @ -39, -143, 613
202965406588408, 199152376776307, 221164621360606 @ 163, 77, 140
324688003280358, 217684450222941, 359357082911256 @ -92, 96, -120
263712828427606, 297974845196621, 264354907356952 @ 15, 67, 68
293032563157288, 214477580871739, 297204821882758 @ -55, -13, -62
192383446392359, 320982317146804, 233068887697587 @ 85, 95, 106
216537650227484, 147484448394795, 141853480788956 @ 197, 129, 439
277541994961116, 127533871327961, 245354586026093 @ -64, -54, 24
252934485764848, 222996884909596, 233084357199736 @ 64, -99, 117
226444500597445, 276533675790430, 324975524239390 @ 97, -53, -77
268175373242422, 262462041477613, 282833237767888 @ 14, -178, -31
256948593850391, 182455283500366, 106165951616956 @ 91, -229, 905
291936273362624, 293158207649335, 434894933556435 @ -76, -460, -666
252167416942606, 139345983193671, 240266582518052 @ 90, 111, 91
256859489489286, 326878230624241, 429206866123512 @ 38, -211, -335
296921570931256, 195549690905221, 159943728165202 @ -69, 26, 326
244824499353906, 229419612948421, 337394204133112 @ 91, -124, -223
219021053836747, 343194041227213, 238037673112552 @ 95, -106, 101
281424002930362, 221340643747945, 255593918081812 @ -30, -118, 41
236339921002766, 294407648783406, 430655790436725 @ 46, 91, -122
268403596036630, 145509284065249, 264147602190400 @ 22, -22, -67
235549117079609, 234725487212165, 260307431852046 @ 79, 30, 55
272577516136076, 107332884169681, 200556393238197 @ -8, 194, 412
269412247273325, 129056805712668, 251226058216844 @ 19, -5, -15
274219329563866, 111953718268291, 244695820342672 @ -30, 104, 29
257917446274690, 304034367301211, 323802359291430 @ 24, 31, -18
279673396168814, 81386556438269, 187220933268220 @ -22, 358, 263
303630226135526, 361529185015861, 376159422337777 @ -26, 62, -34
379438076362510, 262553392750087, 384798756835162 @ -190, 17, -164
334524546266722, 344578238109739, 212445621571651 @ -86, -40, 138
306331523497257, 208098338303065, 264069754586193 @ -107, -46, 18
204233089532542, 393342184743205, 312536859107200 @ 74, 18, 25
235803542978134, 216354393825541, 339044877119032 @ 138, -144, -279
283705160444800, 233773775512003, 283063013233612 @ -31, -85, -29
151320036399894, 205840761750673, 40128344204008 @ 122, 215, 293
222465813210841, 171752035987810, 305831892945703 @ 91, 185, -18
202209798540041, 311201894683469, 142832349394195 @ 151, -138, 302
299695907842732, 175754020577929, 334891459190680 @ -63, 124, -131
398117670468102, 376692149467905, 242013529816280 @ -122, 39, 97
252123774712927, 114561188663491, 259374905202661 @ 225, 56, -148
260297779253622, 349616050420531, 262532775470165 @ 22, -64, 64
111949386121450, 273297068091301, 268086195766480 @ 207, 96, 63
203785056305625, 195883756528353, 293573010748288 @ 209, 10, -67
288054983055728, 280828316293181, 293675064424644 @ -23, 6, 7
220757552414794, 370867834007599, 206472637554100 @ 60, 25, 135
242329415358062, 487196079161445, 302299564441726 @ 34, -62, 38
259423970886769, 384255711021289, 319183690474660 @ 19, -6, 9
288046962752004, 124457493327847, 308969132582490 @ -61, 197, -176
172266022790246, 209773510765693, 278103767833217 @ 166, 134, 36
270764300111361, 133493680682051, 256427225379522 @ 7, -8, -45
274899413255917, 226642372878892, 266466243108430 @ -5, -45, 23
287423131908296, 193992467267791, 220220690282422 @ -97, -313, 212
264226198390534, 85385128813237, 273232227092176 @ 38, 355, -68
217997361030196, 407047607211061, 371570555366092 @ 67, -38, -53
218331548913406, 359473836855961, 404473578724652 @ 66, 20, -89
262288707957077, 95892767594501, 247756305259051 @ 83, 286, 14
373778295055641, 327619581620677, 197777136070747 @ -109, 62, 146
142930240619630, 52699689494223, 51148703355466 @ 158, 372, 323
343810011749478, 263780217413373, 311786062501868 @ -82, 118, 12
267313687303465, 133151065171066, 250356965113171 @ 33, 11, 8
245950696744438, 184947777991801, 136201139694716 @ 54, 146, 297
261775574212646, 91424430975421, 169677560091352 @ 26, 326, 251
267107776690654, 139110687337123, 272620340615656 @ 34, -27, -155
393210959788167, 458386542493504, 195614307619132 @ -167, -193, 161
277753944254149, 64099181306980, 242829304570999 @ -47, 537, 64
287539496022912, 367946592206225, 358201753647404 @ -17, -56, -65
158001159792996, 292019671067668, 3575704173562 @ 136, 95, 371
308916843050680, 374813044377482, 320428611833279 @ -36, 13, 10
463476116425270, 311966303456533, 270653020451308 @ -242, 42, 59
355839126742670, 342409731048201, 383802212770205 @ -82, 66, -50
290420569743818, 221768046955175, 407441916682330 @ -40, 19, -298
398305966619496, 307051018264281, 264500936098003 @ -124, 106, 74
